[48;5;15m                                                  [m
[48;5;15m               [38;5;15;48;5;15m▄[38;5;254;48;5;15m▄[38;5;254;48;5;255m▄[38;5;195;48;5;255m▄[38;5;189;48;5;255m▄[38;5;153;48;5;243m▄[38;5;189;48;5;242m▄[38;5;189;48;5;241m▄[38;5;153;48;5;243m▄[38;5;103;48;5;246m▄[38;5;248;48;5;255m▄[38;5;146;48;5;255m▄[38;5;103;48;5;15m▄[38;5;255;48;5;15m▄[48;5;15m                     [m
[48;5;15m             [38;5;255;48;5;15m▄[38;5;255;48;5;247m▄[38;5;189;48;5;255m▄[38;5;146;48;5;189m▄[38;5;189;48;5;195m▄▄[38;5;195;48;5;189m▄▄[38;5;189;48;5;189m▄[38;5;103;48;5;189m▄[38;5;189;48;5;103m▄[38;5;153;48;5;189m▄[38;5;189;48;5;189m▄[38;5;146;48;5;60m▄[38;5;189;48;5;146m▄[38;5;195;48;5;189m▄[38;5;195;48;5;250m▄[38;5;146;48;5;15m▄[48;5;15m                   [m
[48;5;15m           [38;5;246;48;5;15m▄[38;5;189;48;5;15m▄[38;5;146;48;5;189m▄[38;5;152;48;5;248m▄[38;5;109;48;5;146m▄[38;5;146;48;5;103m▄[38;5;146;48;5;189m▄[38;5;189;48;5;146m▄[38;5;189;48;5;189m▄▄[38;5;103;48;5;195m▄[38;5;195;48;5;252m▄[38;5;252;48;5;195m▄[38;5;189;48;5;189m▄[38;5;195;48;5;195m▄[38;5;195;48;5;189m▄[38;5;103;48;5;189m▄[38;5;146;48;5;189m▄[38;5;189;48;5;195m▄[38;5;189;48;5;189m▄[38;5;146;48;5;254m▄[38;5;249;48;5;15m▄[48;5;15m                 [m
[48;5;15m          [38;5;254;48;5;15m▄[38;5;189;48;5;189m▄[38;5;146;48;5;248m▄[38;5;152;48;5;103m▄[38;5;248;48;5;153m▄[38;5;146;48;5;152m▄[38;5;146;48;5;146m▄[38;5;189;48;5;189m▄▄▄[38;5;243;48;5;189m▄[38;5;189;48;5;153m▄[38;5;153;48;5;189m▄[38;5;189;48;5;189m▄▄▄▄[38;5;103;48;5;247m▄[38;5;189;48;5;153m▄[38;5;248;48;5;153m▄[38;5;146;48;5;189m▄[38;5;189;48;5;153m▄[38;5;103;48;5;146m▄[38;5;251;48;5;254m▄[48;5;15m                [m
[48;5;15m         [38;5;253;48;5;255m▄[38;5;146;48;5;255m▄[38;5;189;48;5;189m▄[38;5;146;48;5;146m▄[38;5;152;48;5;153m▄[38;5;146;48;5;153m▄[38;5;146;48;5;152m▄▄[38;5;153;48;5;189m▄▄[38;5;152;48;5;153m▄[38;5;153;48;5;109m▄[38;5;152;48;5;189m▄[38;5;146;48;5;189m▄[38;5;189;48;5;189m▄▄▄▄[38;5;146;48;5;103m▄[38;5;103;48;5;146m▄[38;5;189;48;5;152m▄[38;5;146;48;5;152m▄[38;5;189;48;5;189m▄[38;5;153;48;5;146m▄[38;5;110;48;5;103m▄[38;5;247;48;5;15m▄[48;5;15m               [m
[48;5;15m        [38;5;15;48;5;15m▄[38;5;255;48;5;255m▄[38;5;247;48;5;189m▄[38;5;243;48;5;153m▄[38;5;103;48;5;146m▄[38;5;153;48;5;152m▄[38;5;153;48;5;153m▄[38;5;152;48;5;146m▄[38;5;153;48;5;152m▄[38;5;153;48;5;248m▄[38;5;248;48;5;153m▄[38;5;247;48;5;241m▄[38;5;139;48;5;248m▄[38;5;146;48;5;247m▄[38;5;254;48;5;146m▄[38;5;146;48;5;248m▄[38;5;189;48;5;189m▄[38;5;146;48;5;189m▄[38;5;251;48;5;189m▄[38;5;103;48;5;152m▄[38;5;146;48;5;153m▄[38;5;146;48;5;189m▄[38;5;247;48;5;243m▄[38;5;153;48;5;153m▄[38;5;103;48;5;110m▄[38;5;153;48;5;146m▄[38;5;239;48;5;246m▄[48;5;15m               [m
[48;5;15m        [38;5;15;48;5;253m▄[38;5;248;48;5;247m▄[38;5;189;48;5;146m▄[38;5;189;48;5;247m▄[38;5;152;48;5;248m▄[38;5;152;48;5;153m▄[38;5;146;48;5;146m▄[38;5;103;48;5;153m▄[38;5;153;48;5;153m▄[38;5;146;48;5;146m▄[38;5;235;48;5;152m▄[38;5;232;48;5;239m▄[38;5;233;48;5;236m▄[38;5;234;48;5;241m▄[38;5;181;48;5;254m▄[38;5;251;48;5;252m▄[38;5;247;48;5;189m▄[38;5;153;48;5;189m▄[38;5;189;48;5;248m▄[38;5;245;48;5;146m▄[38;5;248;48;5;103m▄[38;5;7;48;5;60m▄[38;5;245;48;5;103m▄[38;5;153;48;5;153m▄[38;5;146;48;5;146m▄[38;5;110;48;5;153m▄[38;5;145;48;5;60m▄[38;5;252;48;5;15m▄[48;5;15m              [m
[48;5;15m       [38;5;15;48;5;15m▄[48;5;15m [38;5;247;48;5;103m▄[38;5;251;48;5;251m▄[38;5;103;48;5;103m▄[38;5;103;48;5;8m▄[38;5;153;48;5;152m▄[38;5;153;48;5;146m▄[38;5;153;48;5;153m▄▄[38;5;109;48;5;146m▄[38;5;59;48;5;238m▄[38;5;95;48;5;188m▄[38;5;181;48;5;167m▄[38;5;251;48;5;1m▄[38;5;254;48;5;251m▄[38;5;254;48;5;8m▄[38;5;249;48;5;146m▄[38;5;103;48;5;153m▄[38;5;252;48;5;247m▄[38;5;237;48;5;247m▄[38;5;131;48;5;235m▄[38;5;255;48;5;233m▄[38;5;236;48;5;234m▄[38;5;146;48;5;153m▄[38;5;109;48;5;8m▄[38;5;250;48;5;146m▄[48;5;15m [38;5;15;48;5;253m▄[38;5;15;48;5;15m▄[48;5;15m             [m
[48;5;15m        [38;5;15;48;5;253m▄[38;5;15;48;5;189m▄[38;5;103;48;5;146m▄[38;5;103;48;5;248m▄[38;5;103;48;5;146m▄[38;5;67;48;5;153m▄[38;5;103;48;5;146m▄[38;5;60;48;5;146m▄[38;5;110;48;5;66m▄[38;5;152;48;5;67m▄[38;5;103;48;5;248m▄[38;5;248;48;5;254m▄[38;5;254;48;5;255m▄[38;5;255;48;5;255m▄▄▄[38;5;255;48;5;254m▄[38;5;255;48;5;251m▄[38;5;255;48;5;15m▄[38;5;255;48;5;251m▄[38;5;254;48;5;248m▄[38;5;224;48;5;243m▄[38;5;110;48;5;8m▄[38;5;60;48;5;103m▄[38;5;145;48;5;103m▄[38;5;15;48;5;15m▄[48;5;15m                [m
[48;5;15m         [38;5;15;48;5;15m▄[38;5;255;48;5;7m▄[38;5;252;48;5;146m▄[38;5;146;48;5;153m▄[38;5;103;48;5;110m▄[38;5;146;48;5;146m▄▄[38;5;110;48;5;110m▄[38;5;146;48;5;146m▄▄[38;5;146;48;5;254m▄[38;5;254;48;5;255m▄[38;5;255;48;5;255m▄▄▄▄▄[38;5;255;48;5;254m▄[38;5;255;48;5;255m▄[48;5;255m [38;5;251;48;5;188m▄[38;5;146;48;5;103m▄[38;5;103;48;5;103m▄[38;5;251;48;5;250m▄[38;5;15;48;5;255m▄[48;5;15m                [m
[48;5;15m           [38;5;15;48;5;15m▄[38;5;15;48;5;255m▄[38;5;15;48;5;8m▄[38;5;146;48;5;146m▄[38;5;103;48;5;67m▄[38;5;110;48;5;103m▄[38;5;67;48;5;146m▄[38;5;236;48;5;146m▄[38;5;146;48;5;146m▄[38;5;146;48;5;249m▄[38;5;255;48;5;8m▄[48;5;255m [38;5;255;48;5;255m▄▄[38;5;255;48;5;254m▄[38;5;255;48;5;255m▄▄[38;5;254;48;5;255m▄[38;5;67;48;5;110m▄[38;5;237;48;5;103m▄[38;5;59;48;5;255m▄[38;5;15;48;5;255m▄[48;5;15m                 [m
[48;5;15m             [38;5;255;48;5;15m▄[38;5;254;48;5;146m▄[38;5;103;48;5;110m▄[38;5;146;48;5;110m▄[38;5;103;48;5;247m▄[38;5;242;48;5;232m▄[38;5;0;48;5;232m▄[38;5;0;48;5;248m▄[38;5;235;48;5;145m▄[38;5;252;48;5;254m▄[48;5;255m   [38;5;245;48;5;255m▄[38;5;236;48;5;252m▄[38;5;236;48;5;236m▄[38;5;238;48;5;237m▄[38;5;237;48;5;237m▄[38;5;237;48;5;236m▄[48;5;15m                  [m
[48;5;15m               [38;5;245;48;5;95m▄[38;5;238;48;5;146m▄[38;5;239;48;5;103m▄[38;5;132;48;5;145m▄[38;5;248;48;5;245m▄[38;5;246;48;5;233m▄[38;5;236;48;5;0m▄[38;5;234;48;5;0m▄[38;5;236;48;5;236m▄[38;5;233;48;5;241m▄[38;5;234;48;5;238m▄[38;5;234;48;5;235m▄[38;5;235;48;5;236m▄[38;5;238;48;5;236m▄[38;5;235;48;5;236m▄[38;5;239;48;5;237m▄[38;5;254;48;5;248m▄[48;5;15m                  [m
[48;5;15m          [38;5;15;48;5;15m▄[38;5;7;48;5;15m▄[38;5;251;48;5;15m▄[38;5;95;48;5;15m▄[38;5;131;48;5;224m▄[38;5;95;48;5;236m▄[38;5;234;48;5;234m▄[38;5;237;48;5;236m▄[38;5;239;48;5;235m▄[38;5;235;48;5;95m▄[38;5;236;48;5;145m▄[38;5;95;48;5;145m▄[38;5;88;48;5;243m▄[38;5;235;48;5;236m▄[38;5;236;48;5;235m▄▄[38;5;240;48;5;234m▄[38;5;239;48;5;235m▄[38;5;236;48;5;235m▄▄[38;5;241;48;5;237m▄[48;5;15m                   [m
[48;5;15m       [38;5;242;48;5;15m▄[38;5;238;48;5;251m▄[38;5;239;48;5;239m▄[38;5;59;48;5;240m▄[38;5;59;48;5;59m▄[38;5;241;48;5;241m▄▄[38;5;237;48;5;95m▄[38;5;131;48;5;131m▄[38;5;236;48;5;238m▄[38;5;241;48;5;240m▄▄[38;5;240;48;5;59m▄[38;5;239;48;5;239m▄[38;5;59;48;5;238m▄[38;5;239;48;5;236m▄[38;5;239;48;5;238m▄[38;5;239;48;5;236m▄[38;5;239;48;5;238m▄[38;5;238;48;5;238m▄[38;5;237;48;5;236m▄[38;5;239;48;5;237m▄[38;5;238;48;5;236m▄[38;5;235;48;5;233m▄[38;5;252;48;5;15m▄[48;5;15m                  [m
[48;5;15m      [38;5;8;48;5;255m▄[38;5;59;48;5;240m▄[38;5;242;48;5;59m▄[38;5;59;48;5;240m▄[48;5;240m [38;5;239;48;5;240m▄[38;5;236;48;5;239m▄[38;5;236;48;5;240m▄[38;5;238;48;5;59m▄[38;5;235;48;5;236m▄[38;5;234;48;5;131m▄[38;5;235;48;5;59m▄[38;5;59;48;5;59m▄[38;5;238;48;5;59m▄[38;5;237;48;5;59m▄[38;5;237;48;5;235m▄[38;5;238;48;5;59m▄[38;5;237;48;5;240m▄[38;5;238;48;5;237m▄[38;5;240;48;5;238m▄[38;5;239;48;5;240m▄[38;5;238;48;5;239m▄[38;5;238;48;5;238m▄▄▄[38;5;239;48;5;239m▄[38;5;7;48;5;15m▄[48;5;15m              [38;5;15;48;5;15m▄▄▄[m
[48;5;15m      [38;5;59;48;5;239m▄[38;5;59;48;5;59m▄[38;5;59;48;5;241m▄[38;5;240;48;5;59m▄[38;5;240;48;5;240m▄[38;5;240;48;5;239m▄▄[38;5;239;48;5;239m▄[38;5;239;48;5;59m▄[38;5;238;48;5;240m▄[38;5;236;48;5;236m▄[38;5;236;48;5;237m▄[38;5;131;48;5;237m▄▄[38;5;241;48;5;238m▄[38;5;241;48;5;240m▄▄▄▄[38;5;239;48;5;240m▄[38;5;238;48;5;238m▄[38;5;237;48;5;238m▄[38;5;238;48;5;238m▄▄[38;5;239;48;5;239m▄▄▄[38;5;240;48;5;243m▄[38;5;242;48;5;15m▄[48;5;15m       [38;5;15;48;5;15m▄▄▄▄▄▄[48;5;15m  [m
[48;5;15m     [38;5;250;48;5;255m▄[38;5;240;48;5;59m▄▄[38;5;240;48;5;240m▄▄▄[38;5;239;48;5;240m▄▄[38;5;239;48;5;239m▄▄[38;5;238;48;5;239m▄[38;5;236;48;5;236m▄▄[38;5;240;48;5;240m▄[38;5;240;48;5;59m▄▄[38;5;240;48;5;241m▄[38;5;241;48;5;242m▄[38;5;242;48;5;242m▄[38;5;241;48;5;241m▄[38;5;239;48;5;239m▄[38;5;238;48;5;238m▄▄[38;5;239;48;5;238m▄[38;5;240;48;5;239m▄[38;5;59;48;5;240m▄▄▄[38;5;240;48;5;240m▄▄[38;5;240;48;5;243m▄[38;5;242;48;5;15m▄[38;5;15;48;5;15m▄▄▄▄▄[48;5;15m  [38;5;15;48;5;15m▄▄▄▄▄▄[m
[48;5;15m     [38;5;145;48;5;145m▄[38;5;238;48;5;239m▄[38;5;239;48;5;239m▄▄▄▄[38;5;243;48;5;238m▄[38;5;246;48;5;241m▄[38;5;247;48;5;242m▄▄[38;5;236;48;5;237m▄[38;5;237;48;5;236m▄[38;5;240;48;5;237m▄[38;5;239;48;5;239m▄▄▄[38;5;239;48;5;238m▄[38;5;238;48;5;239m▄[38;5;239;48;5;59m▄[38;5;59;48;5;241m▄[38;5;59;48;5;240m▄[38;5;239;48;5;238m▄[38;5;238;48;5;238m▄[38;5;239;48;5;239m▄[38;5;239;48;5;240m▄[38;5;59;48;5;59m▄[38;5;243;48;5;59m▄[38;5;242;48;5;59m▄[48;5;240m  [38;5;240;48;5;240m▄▄[38;5;243;48;5;15m▄[48;5;15m [38;5;15;48;5;15m▄▄▄▄▄▄▄▄▄▄▄[m
[48;5;15m     [38;5;245;48;5;250m▄[38;5;237;48;5;238m▄[38;5;238;48;5;239m▄[38;5;239;48;5;239m▄[38;5;240;48;5;239m▄[38;5;246;48;5;241m▄[38;5;240;48;5;242m▄▄[38;5;242;48;5;246m▄[38;5;238;48;5;237m▄[38;5;236;48;5;236m▄[38;5;240;48;5;239m▄[38;5;59;48;5;240m▄▄▄▄[38;5;240;48;5;239m▄▄▄[38;5;239;48;5;239m▄[38;5;239;48;5;59m▄[38;5;59;48;5;240m▄[38;5;238;48;5;238m▄[38;5;237;48;5;238m▄▄[38;5;238;48;5;239m▄[38;5;239;48;5;240m▄▄[38;5;239;48;5;59m▄[38;5;240;48;5;240m▄▄[38;5;59;48;5;240m▄[38;5;241;48;5;243m▄[38;5;15;48;5;15m▄▄▄▄▄▄▄▄▄▄▄▄[m
[48;5;15m     [38;5;238;48;5;240m▄[38;5;236;48;5;234m▄[38;5;239;48;5;238m▄[38;5;240;48;5;240m▄[38;5;248;48;5;242m▄[38;5;246;48;5;246m▄[38;5;239;48;5;234m▄[38;5;240;48;5;240m▄[38;5;239;48;5;240m▄[38;5;234;48;5;235m▄[38;5;237;48;5;238m▄[38;5;240;48;5;59m▄[38;5;59;48;5;59m▄▄▄[38;5;59;48;5;241m▄[38;5;241;48;5;241m▄[38;5;242;48;5;59m▄[38;5;59;48;5;59m▄[38;5;240;48;5;240m▄[38;5;238;48;5;238m▄[38;5;238;48;5;241m▄[38;5;237;48;5;238m▄[38;5;238;48;5;237m▄[38;5;236;48;5;236m▄[38;5;236;48;5;237m▄▄▄[38;5;236;48;5;236m▄▄[38;5;235;48;5;236m▄▄[38;5;15;48;5;233m▄[38;5;15;48;5;15m▄▄▄▄▄▄▄▄▄[48;5;15m [38;5;15;48;5;15m▄▄[m
[48;5;15m     [38;5;237;48;5;239m▄[38;5;238;48;5;238m▄[38;5;240;48;5;239m▄[38;5;59;48;5;239m▄[38;5;8;48;5;248m▄[38;5;8;48;5;245m▄[38;5;15;48;5;15m▄[38;5;252;48;5;59m▄[38;5;236;48;5;239m▄[38;5;234;48;5;234m▄[38;5;235;48;5;235m▄[38;5;238;48;5;240m▄[38;5;240;48;5;59m▄[38;5;59;48;5;59m▄▄▄▄[38;5;242;48;5;243m▄[38;5;59;48;5;59m▄[38;5;240;48;5;240m▄[38;5;238;48;5;239m▄[38;5;238;48;5;238m▄[38;5;240;48;5;239m▄[38;5;235;48;5;239m▄[38;5;238;48;5;236m▄[38;5;236;48;5;236m▄▄[38;5;235;48;5;236m▄[38;5;247;48;5;236m▄[38;5;7;48;5;235m▄[38;5;15;48;5;235m▄[38;5;15;48;5;253m▄[38;5;15;48;5;15m▄▄▄▄▄▄▄▄▄▄▄[48;5;15m  [m
[48;5;15m     [38;5;236;48;5;237m▄[38;5;238;48;5;238m▄[38;5;240;48;5;240m▄[38;5;240;48;5;59m▄[38;5;243;48;5;240m▄[38;5;247;48;5;245m▄[38;5;15;48;5;15m▄▄[38;5;15;48;5;238m▄[38;5;236;48;5;234m▄[38;5;235;48;5;235m▄[38;5;236;48;5;237m▄[38;5;238;48;5;239m▄[38;5;240;48;5;59m▄▄[38;5;240;48;5;240m▄[38;5;240;48;5;59m▄▄▄[38;5;239;48;5;240m▄[38;5;237;48;5;238m▄[38;5;237;48;5;237m▄[38;5;239;48;5;240m▄[38;5;240;48;5;236m▄[38;5;240;48;5;240m▄[38;5;239;48;5;236m▄[38;5;236;48;5;236m▄[38;5;240;48;5;235m▄[38;5;15;48;5;15m▄▄▄▄▄▄▄▄▄▄[48;5;15m [38;5;15;48;5;15m▄▄[48;5;15m [38;5;15;48;5;15m▄▄▄[m
[48;5;15m    [38;5;15;48;5;15m▄[38;5;236;48;5;236m▄[38;5;237;48;5;237m▄[38;5;241;48;5;240m▄[38;5;247;48;5;59m▄[38;5;245;48;5;246m▄[38;5;15;48;5;247m▄[48;5;15m [38;5;15;48;5;15m▄▄[38;5;15;48;5;255m▄[38;5;7;48;5;236m▄[38;5;235;48;5;235m▄[38;5;235;48;5;236m▄[38;5;236;48;5;238m▄[38;5;236;48;5;239m▄[38;5;239;48;5;240m▄[38;5;59;48;5;240m▄[38;5;241;48;5;240m▄[38;5;238;48;5;239m▄[38;5;237;48;5;237m▄[38;5;236;48;5;237m▄[38;5;237;48;5;237m▄[38;5;240;48;5;239m▄[38;5;240;48;5;240m▄[38;5;239;48;5;240m▄[38;5;239;48;5;239m▄[38;5;238;48;5;237m▄[38;5;247;48;5;246m▄[38;5;224;48;5;15m▄[38;5;255;48;5;15m▄[48;5;15m [38;5;15;48;5;15m▄▄[48;5;15m [38;5;15;48;5;15m▄▄▄▄▄▄▄[38;5;255;48;5;15m▄▄▄[38;5;255;48;5;255m▄[m
[38;5;15;48;5;15m▄▄▄▄[38;5;252;48;5;15m▄[38;5;238;48;5;236m▄[38;5;239;48;5;236m▄[38;5;59;48;5;242m▄[38;5;242;48;5;245m▄[38;5;15;48;5;248m▄[38;5;15;48;5;15m▄▄▄▄▄▄[38;5;15;48;5;247m▄[38;5;95;48;5;235m▄[38;5;237;48;5;236m▄[38;5;235;48;5;235m▄[38;5;235;48;5;236m▄▄[38;5;234;48;5;236m▄[38;5;235;48;5;236m▄[38;5;236;48;5;234m▄[38;5;237;48;5;236m▄[38;5;240;48;5;237m▄[38;5;240;48;5;240m▄[38;5;238;48;5;240m▄[38;5;238;48;5;239m▄[38;5;238;48;5;238m▄[38;5;238;48;5;242m▄[38;5;138;48;5;181m▄[38;5;217;48;5;217m▄▄[38;5;217;48;5;255m▄[38;5;217;48;5;15m▄[38;5;255;48;5;15m▄[38;5;15;48;5;15m▄▄[38;5;255;48;5;15m▄▄▄[38;5;255;48;5;255m▄▄▄▄▄▄▄[m
[38;5;15;48;5;15m▄▄▄[38;5;255;48;5;15m▄[38;5;254;48;5;253m▄[38;5;246;48;5;240m▄[38;5;239;48;5;240m▄[38;5;238;48;5;240m▄[38;5;237;48;5;237m▄[38;5;15;48;5;15m▄▄▄▄▄▄▄[38;5;252;48;5;15m▄[38;5;138;48;5;181m▄[38;5;240;48;5;241m▄[38;5;238;48;5;238m▄[38;5;23;48;5;234m▄[38;5;239;48;5;235m▄[38;5;236;48;5;235m▄[38;5;237;48;5;235m▄[38;5;238;48;5;236m▄[38;5;239;48;5;240m▄▄[38;5;238;48;5;239m▄[38;5;236;48;5;239m▄[38;5;235;48;5;238m▄[38;5;239;48;5;237m▄[38;5;235;48;5;236m▄[38;5;236;48;5;237m▄[38;5;238;48;5;95m▄[38;5;242;48;5;217m▄[38;5;8;48;5;217m▄[38;5;181;48;5;217m▄[38;5;217;48;5;217m▄[38;5;217;48;5;255m▄[38;5;224;48;5;255m▄[38;5;255;48;5;255m▄▄▄▄▄▄▄▄▄▄[m
[38;5;15;48;5;15m▄▄▄[38;5;238;48;5;251m▄[38;5;239;48;5;247m▄[38;5;102;48;5;246m▄[38;5;241;48;5;59m▄[38;5;242;48;5;59m▄[38;5;247;48;5;248m▄[38;5;15;48;5;15m▄▄▄▄▄▄[38;5;248;48;5;15m▄[38;5;102;48;5;139m▄[38;5;240;48;5;242m▄[38;5;239;48;5;239m▄▄[38;5;239;48;5;237m▄[38;5;66;48;5;6m▄[38;5;6;48;5;66m▄[38;5;23;48;5;6m▄[38;5;238;48;5;241m▄[38;5;238;48;5;238m▄[38;5;238;48;5;237m▄[38;5;238;48;5;235m▄[38;5;238;48;5;236m▄[38;5;239;48;5;239m▄▄[38;5;234;48;5;234m▄[38;5;235;48;5;235m▄[38;5;236;48;5;237m▄[38;5;238;48;5;239m▄[38;5;239;48;5;240m▄[38;5;240;48;5;241m▄[38;5;240;48;5;8m▄[38;5;240;48;5;217m▄[38;5;138;48;5;217m▄[38;5;224;48;5;224m▄[38;5;224;48;5;254m▄[38;5;255;48;5;255m▄▄▄▄▄▄[48;5;255m [38;5;255;48;5;255m▄[m
[38;5;15;48;5;15m▄▄▄[38;5;239;48;5;235m▄[38;5;239;48;5;240m▄[38;5;236;48;5;243m▄[38;5;242;48;5;242m▄[38;5;243;48;5;243m▄[38;5;15;48;5;15m▄[48;5;15m [38;5;15;48;5;15m▄▄[48;5;15m  [38;5;15;48;5;15m▄[38;5;242;48;5;246m▄[38;5;240;48;5;240m▄[38;5;240;48;5;239m▄[38;5;239;48;5;239m▄[38;5;238;48;5;239m▄[38;5;237;48;5;238m▄▄[38;5;237;48;5;59m▄[38;5;237;48;5;6m▄[38;5;238;48;5;66m▄[38;5;238;48;5;238m▄[38;5;238;48;5;239m▄▄▄[38;5;238;48;5;238m▄[38;5;236;48;5;236m▄[38;5;236;48;5;235m▄▄[38;5;235;48;5;236m▄[38;5;236;48;5;237m▄[38;5;237;48;5;238m▄[38;5;238;48;5;239m▄[38;5;239;48;5;240m▄[38;5;240;48;5;239m▄[38;5;239;48;5;237m▄[38;5;235;48;5;240m▄[38;5;240;48;5;254m▄[38;5;255;48;5;255m▄[48;5;255m [38;5;255;48;5;255m▄[48;5;255m [38;5;255;48;5;255m▄▄▄▄[m
[38;5;15;48;5;15m▄▄▄[38;5;239;48;5;239m▄[38;5;238;48;5;239m▄[38;5;237;48;5;237m▄[38;5;237;48;5;240m▄[38;5;15;48;5;250m▄[38;5;15;48;5;15m▄▄[48;5;15m  [38;5;15;48;5;15m▄▄[38;5;247;48;5;245m▄[38;5;239;48;5;240m▄[38;5;240;48;5;240m▄▄[38;5;239;48;5;239m▄[38;5;239;48;5;238m▄[38;5;236;48;5;235m▄▄[38;5;235;48;5;236m▄[38;5;234;48;5;236m▄[38;5;235;48;5;236m▄[38;5;235;48;5;237m▄[38;5;236;48;5;238m▄[38;5;236;48;5;237m▄▄[38;5;236;48;5;236m▄[38;5;236;48;5;235m▄[38;5;237;48;5;236m▄▄[38;5;236;48;5;236m▄[38;5;236;48;5;235m▄[38;5;236;48;5;236m▄[38;5;236;48;5;237m▄[38;5;237;48;5;238m▄[38;5;239;48;5;239m▄[38;5;239;48;5;240m▄[38;5;236;48;5;236m▄[38;5;237;48;5;237m▄[38;5;238;48;5;248m▄[38;5;254;48;5;255m▄[38;5;255;48;5;255m▄▄▄▄▄[38;5;224;48;5;255m▄[m
[38;5;255;48;5;15m▄▄[38;5;252;48;5;255m▄[38;5;238;48;5;238m▄[38;5;237;48;5;238m▄[38;5;237;48;5;237m▄[38;5;252;48;5;7m▄[38;5;15;48;5;15m▄[48;5;15m [38;5;15;48;5;15m▄▄▄[38;5;255;48;5;15m▄▄[38;5;240;48;5;240m▄[38;5;239;48;5;240m▄▄[38;5;238;48;5;240m▄[38;5;237;48;5;239m▄[38;5;239;48;5;239m▄▄[38;5;236;48;5;239m▄[38;5;238;48;5;238m▄[38;5;238;48;5;235m▄[38;5;238;48;5;236m▄[38;5;236;48;5;235m▄[38;5;235;48;5;235m▄[38;5;234;48;5;235m▄[38;5;236;48;5;236m▄[38;5;235;48;5;236m▄[38;5;236;48;5;236m▄[38;5;237;48;5;237m▄▄▄[38;5;237;48;5;236m▄[38;5;236;48;5;236m▄▄[38;5;235;48;5;236m▄[38;5;236;48;5;236m▄[38;5;236;48;5;238m▄[38;5;236;48;5;236m▄[38;5;236;48;5;237m▄[38;5;237;48;5;239m▄[38;5;238;48;5;242m▄[38;5;240;48;5;255m▄[38;5;254;48;5;255m▄▄[38;5;217;48;5;255m▄[38;5;217;48;5;217m▄[38;5;211;48;5;217m▄[m
[38;5;238;48;5;239m▄[38;5;238;48;5;237m▄[38;5;238;48;5;236m▄[38;5;238;48;5;238m▄[38;5;237;48;5;237m▄[38;5;236;48;5;233m▄[38;5;15;48;5;15m▄[38;5;255;48;5;15m▄▄▄[38;5;255;48;5;255m▄▄▄▄[38;5;239;48;5;239m▄[38;5;240;48;5;240m▄▄[38;5;239;48;5;239m▄▄▄▄▄▄▄▄[48;5;239m [38;5;239;48;5;238m▄[38;5;238;48;5;236m▄[38;5;237;48;5;235m▄[38;5;236;48;5;233m▄[38;5;235;48;5;236m▄▄[38;5;236;48;5;237m▄[38;5;237;48;5;237m▄[48;5;237m [38;5;237;48;5;237m▄[38;5;236;48;5;236m▄▄[38;5;235;48;5;235m▄[38;5;235;48;5;236m▄[38;5;236;48;5;236m▄[38;5;236;48;5;235m▄[38;5;235;48;5;235m▄[38;5;235;48;5;239m▄[38;5;239;48;5;238m▄[38;5;238;48;5;217m▄[38;5;211;48;5;217m▄[38;5;211;48;5;211m▄▄▄[m
[38;5;239;48;5;239m▄▄[38;5;238;48;5;239m▄[38;5;138;48;5;238m▄[38;5;217;48;5;234m▄[38;5;211;48;5;175m▄[38;5;217;48;5;255m▄[38;5;255;48;5;255m▄▄▄▄▄▄▄[38;5;239;48;5;239m▄[38;5;240;48;5;240m▄▄[38;5;239;48;5;239m▄▄▄▄▄▄▄▄▄[38;5;59;48;5;239m▄[38;5;239;48;5;239m▄[38;5;238;48;5;238m▄[38;5;238;48;5;237m▄[38;5;237;48;5;236m▄[38;5;236;48;5;235m▄[38;5;235;48;5;235m▄[38;5;235;48;5;236m▄[38;5;236;48;5;237m▄[38;5;237;48;5;237m▄▄[38;5;237;48;5;236m▄[38;5;236;48;5;236m▄[38;5;236;48;5;235m▄[38;5;235;48;5;235m▄[38;5;235;48;5;236m▄[38;5;236;48;5;236m▄[38;5;235;48;5;235m▄[38;5;235;48;5;236m▄[38;5;237;48;5;238m▄[38;5;238;48;5;237m▄[38;5;174;48;5;211m▄[38;5;211;48;5;211m▄▄[m
[38;5;217;48;5;138m▄▄[38;5;210;48;5;217m▄[38;5;217;48;5;210m▄[38;5;217;48;5;167m▄[38;5;217;48;5;204m▄[38;5;217;48;5;211m▄[38;5;217;48;5;224m▄[38;5;254;48;5;255m▄[38;5;255;48;5;255m▄▄▄▄▄[38;5;241;48;5;238m▄[38;5;239;48;5;240m▄[38;5;240;48;5;240m▄▄[38;5;239;48;5;239m▄▄▄▄▄[38;5;238;48;5;239m▄▄▄[38;5;238;48;5;238m▄[38;5;238;48;5;242m▄[38;5;242;48;5;239m▄[38;5;237;48;5;238m▄[38;5;236;48;5;238m▄[38;5;238;48;5;237m▄[38;5;237;48;5;236m▄[38;5;236;48;5;235m▄[38;5;235;48;5;235m▄[38;5;234;48;5;236m▄[38;5;236;48;5;237m▄▄▄[38;5;236;48;5;236m▄▄[38;5;236;48;5;235m▄▄[38;5;235;48;5;236m▄[38;5;236;48;5;234m▄[38;5;234;48;5;235m▄[38;5;235;48;5;238m▄[38;5;237;48;5;237m▄[38;5;95;48;5;174m▄[38;5;211;48;5;211m▄[m
[38;5;255;48;5;217m▄[38;5;224;48;5;210m▄[38;5;217;48;5;217m▄▄▄▄▄▄▄[38;5;224;48;5;255m▄[38;5;255;48;5;255m▄▄▄▄[38;5;255;48;5;248m▄[38;5;59;48;5;238m▄[38;5;238;48;5;239m▄[38;5;239;48;5;239m▄▄▄▄[38;5;238;48;5;238m▄▄▄▄[38;5;236;48;5;238m▄[38;5;235;48;5;238m▄[38;5;235;48;5;237m▄[38;5;235;48;5;234m▄[38;5;235;48;5;236m▄[38;5;235;48;5;235m▄[38;5;235;48;5;236m▄[38;5;236;48;5;238m▄[38;5;237;48;5;237m▄[38;5;236;48;5;235m▄[38;5;235;48;5;235m▄▄[38;5;235;48;5;236m▄[38;5;236;48;5;236m▄▄▄▄▄▄[38;5;235;48;5;235m▄▄[38;5;234;48;5;234m▄[38;5;234;48;5;236m▄[38;5;237;48;5;237m▄[38;5;235;48;5;131m▄[m
[38;5;255;48;5;255m▄▄[38;5;255;48;5;254m▄[38;5;255;48;5;217m▄[38;5;218;48;5;217m▄[38;5;217;48;5;217m▄▄▄▄▄[38;5;218;48;5;224m▄[38;5;224;48;5;255m▄[38;5;255;48;5;255m▄▄▄▄[38;5;246;48;5;237m▄[38;5;239;48;5;235m▄[38;5;235;48;5;234m▄[38;5;235;48;5;235m▄[38;5;234;48;5;235m▄[38;5;235;48;5;234m▄[38;5;235;48;5;235m▄▄▄▄[38;5;238;48;5;235m▄▄[38;5;238;48;5;238m▄▄[38;5;238;48;5;235m▄[38;5;234;48;5;235m▄[38;5;235;48;5;235m▄[38;5;235;48;5;236m▄[38;5;235;48;5;237m▄[38;5;237;48;5;236m▄[38;5;236;48;5;235m▄[38;5;235;48;5;235m▄▄[38;5;235;48;5;236m▄▄[38;5;236;48;5;236m▄▄▄▄[38;5;236;48;5;235m▄[38;5;235;48;5;235m▄[38;5;235;48;5;236m▄[38;5;236;48;5;237m▄[38;5;237;48;5;237m▄[m
[38;5;255;48;5;255m▄▄▄▄▄[38;5;255;48;5;224m▄[38;5;254;48;5;218m▄[38;5;224;48;5;217m▄▄[38;5;218;48;5;217m▄[38;5;224;48;5;217m▄[38;5;224;48;5;224m▄[38;5;254;48;5;254m▄[38;5;254;48;5;255m▄[38;5;254;48;5;254m▄▄▄[38;5;254;48;5;247m▄[38;5;247;48;5;242m▄[38;5;242;48;5;238m▄[38;5;240;48;5;234m▄[38;5;238;48;5;233m▄[38;5;237;48;5;236m▄[38;5;237;48;5;237m▄[38;5;237;48;5;238m▄[38;5;238;48;5;238m▄▄[48;5;238m [38;5;238;48;5;238m▄▄▄▄[38;5;238;48;5;235m▄[38;5;235;48;5;235m▄[38;5;234;48;5;235m▄▄[38;5;235;48;5;237m▄[38;5;237;48;5;236m▄[38;5;236;48;5;235m▄[38;5;235;48;5;235m▄▄▄[38;5;235;48;5;236m▄▄▄[38;5;236;48;5;236m▄[38;5;236;48;5;235m▄[38;5;235;48;5;235m▄▄[38;5;234;48;5;236m▄[m
[38;5;255;48;5;255m▄▄▄▄▄▄[38;5;254;48;5;255m▄[38;5;254;48;5;254m▄[38;5;254;48;5;224m▄▄▄[38;5;254;48;5;254m▄[48;5;254m [38;5;254;48;5;254m▄▄▄▄▄▄[38;5;224;48;5;7m▄[38;5;217;48;5;239m▄[38;5;138;48;5;59m▄[38;5;59;48;5;239m▄[38;5;239;48;5;237m▄[38;5;237;48;5;236m▄[38;5;236;48;5;236m▄[38;5;236;48;5;237m▄[38;5;236;48;5;238m▄[38;5;237;48;5;238m▄▄[38;5;238;48;5;238m▄▄▄▄[38;5;238;48;5;236m▄[38;5;236;48;5;234m▄[38;5;234;48;5;234m▄▄[38;5;236;48;5;236m▄[38;5;236;48;5;235m▄[38;5;235;48;5;235m▄▄▄▄▄▄[38;5;235;48;5;236m▄[38;5;236;48;5;235m▄[38;5;235;48;5;235m▄▄[m
