[48;5;60m       [38;5;60;48;5;60m▄[38;5;239;48;5;96m▄[38;5;139;48;5;96m▄[38;5;138;48;5;60m▄[38;5;60;48;5;60m▄[38;5;61;48;5;60m▄[48;5;60m                  [38;5;60;48;5;60m▄[38;5;238;48;5;96m▄[38;5;60;48;5;97m▄[38;5;61;48;5;60m▄[48;5;60m    [38;5;61;48;5;60m▄[38;5;60;48;5;61m▄[48;5;60m         [m
[38;5;61;48;5;61m▄[38;5;60;48;5;60m▄[38;5;60;48;5;61m▄[48;5;60m   [38;5;60;48;5;61m▄[38;5;96;48;5;242m▄[38;5;138;48;5;138m▄▄▄[38;5;132;48;5;138m▄[38;5;60;48;5;60m▄[48;5;60m                  [38;5;60;48;5;60m▄[38;5;132;48;5;132m▄[38;5;168;48;5;132m▄[38;5;138;48;5;238m▄[38;5;60;48;5;60m▄[48;5;60m   [38;5;60;48;5;61m▄[38;5;60;48;5;60m▄[38;5;61;48;5;60m▄[48;5;60m        [m
[38;5;60;48;5;60m▄[48;5;60m     [38;5;246;48;5;240m▄[38;5;138;48;5;138m▄▄[38;5;132;48;5;138m▄▄▄[38;5;96;48;5;96m▄[48;5;60m                 [38;5;60;48;5;60m▄▄[38;5;132;48;5;132m▄[38;5;175;48;5;174m▄[38;5;132;48;5;168m▄[38;5;138;48;5;60m▄[38;5;60;48;5;60m▄[38;5;61;48;5;61m▄[48;5;60m  [38;5;60;48;5;60m▄[38;5;237;48;5;61m▄[38;5;61;48;5;60m▄[48;5;60m       [m
[38;5;60;48;5;60m▄▄[48;5;60m   [38;5;60;48;5;60m▄[38;5;138;48;5;96m▄[38;5;138;48;5;138m▄[38;5;174;48;5;138m▄[38;5;168;48;5;132m▄[38;5;132;48;5;132m▄▄[38;5;95;48;5;241m▄[38;5;60;48;5;60m▄[48;5;60m                 [38;5;61;48;5;96m▄[38;5;175;48;5;175m▄▄[38;5;174;48;5;174m▄[38;5;168;48;5;168m▄[38;5;95;48;5;96m▄[38;5;61;48;5;61m▄[48;5;60m  [38;5;60;48;5;61m▄[38;5;61;48;5;60m▄[38;5;60;48;5;60m▄[48;5;60m       [m
[38;5;60;48;5;60m▄[48;5;60m [38;5;61;48;5;60m▄[48;5;60m [38;5;60;48;5;60m▄[38;5;139;48;5;238m▄[38;5;174;48;5;138m▄[38;5;174;48;5;174m▄[38;5;181;48;5;174m▄[38;5;175;48;5;174m▄[38;5;132;48;5;132m▄▄[38;5;174;48;5;138m▄[38;5;61;48;5;61m▄[48;5;60m                [38;5;60;48;5;60m▄[38;5;96;48;5;60m▄[38;5;175;48;5;174m▄[38;5;175;48;5;175m▄[38;5;174;48;5;174m▄▄[38;5;174;48;5;168m▄[38;5;132;48;5;239m▄[38;5;60;48;5;60m▄[48;5;60m  [38;5;61;48;5;60m▄[38;5;60;48;5;60m▄[38;5;61;48;5;60m▄[48;5;60m      [m
[38;5;61;48;5;60m▄[38;5;61;48;5;61m▄[48;5;61m [38;5;61;48;5;61m▄[38;5;96;48;5;60m▄[38;5;174;48;5;132m▄[38;5;174;48;5;174m▄[38;5;175;48;5;174m▄[38;5;249;48;5;249m▄[38;5;249;48;5;181m▄[38;5;174;48;5;132m▄▄[38;5;168;48;5;168m▄[38;5;60;48;5;97m▄[38;5;60;48;5;60m▄[48;5;60m               [38;5;61;48;5;61m▄[38;5;138;48;5;59m▄[38;5;175;48;5;175m▄[38;5;249;48;5;181m▄[38;5;249;48;5;175m▄[38;5;175;48;5;175m▄▄[38;5;175;48;5;174m▄[38;5;168;48;5;96m▄[38;5;96;48;5;61m▄[48;5;60m [38;5;61;48;5;60m▄[38;5;60;48;5;238m▄[38;5;60;48;5;60m▄[48;5;60m      [m
[38;5;60;48;5;60m▄[38;5;60;48;5;61m▄▄▄[38;5;138;48;5;238m▄[38;5;174;48;5;174m▄[38;5;96;48;5;95m▄[38;5;249;48;5;249m▄[48;5;249m  [38;5;181;48;5;175m▄[38;5;175;48;5;174m▄[38;5;174;48;5;168m▄[38;5;240;48;5;60m▄[38;5;60;48;5;60m▄[48;5;60m              [38;5;60;48;5;60m▄▄[38;5;175;48;5;175m▄[38;5;181;48;5;175m▄[48;5;249m  [38;5;249;48;5;181m▄[38;5;181;48;5;175m▄[38;5;138;48;5;175m▄[38;5;181;48;5;175m▄[38;5;242;48;5;60m▄[38;5;60;48;5;61m▄[38;5;97;48;5;61m▄[38;5;60;48;5;60m▄[38;5;237;48;5;60m▄[38;5;97;48;5;60m▄[38;5;60;48;5;60m▄[38;5;61;48;5;60m▄▄[38;5;60;48;5;60m▄[38;5;60;48;5;61m▄[m
[38;5;60;48;5;60m▄[38;5;61;48;5;60m▄[38;5;235;48;5;61m▄[38;5;232;48;5;60m▄[38;5;232;48;5;181m▄[38;5;236;48;5;250m▄[38;5;139;48;5;96m▄[38;5;181;48;5;181m▄[38;5;175;48;5;249m▄[38;5;181;48;5;249m▄[38;5;181;48;5;181m▄[38;5;175;48;5;175m▄[38;5;175;48;5;174m▄[38;5;239;48;5;239m▄[38;5;97;48;5;60m▄[48;5;60m              [38;5;61;48;5;60m▄[38;5;239;48;5;247m▄[38;5;175;48;5;175m▄[38;5;249;48;5;249m▄[48;5;249m [38;5;251;48;5;249m▄[38;5;181;48;5;145m▄[38;5;249;48;5;145m▄[38;5;248;48;5;181m▄[38;5;60;48;5;139m▄[38;5;96;48;5;246m▄[38;5;60;48;5;60m▄▄▄[38;5;96;48;5;60m▄[38;5;8;48;5;60m▄[38;5;234;48;5;237m▄[38;5;60;48;5;60m▄[38;5;236;48;5;60m▄[38;5;236;48;5;235m▄[38;5;61;48;5;61m▄[m
[38;5;60;48;5;60m▄▄[38;5;61;48;5;240m▄[38;5;245;48;5;238m▄[38;5;139;48;5;237m▄[38;5;250;48;5;243m▄[38;5;239;48;5;60m▄[38;5;239;48;5;241m▄[38;5;60;48;5;239m▄[38;5;242;48;5;175m▄[38;5;132;48;5;139m▄[38;5;139;48;5;181m▄[38;5;132;48;5;95m▄[38;5;239;48;5;239m▄[38;5;60;48;5;60m▄[48;5;60m              [38;5;239;48;5;60m▄[38;5;138;48;5;95m▄[38;5;243;48;5;249m▄[38;5;249;48;5;181m▄[38;5;181;48;5;7m▄[38;5;246;48;5;250m▄[38;5;60;48;5;241m▄[38;5;60;48;5;60m▄[38;5;71;48;5;60m▄[38;5;2;48;5;60m▄[38;5;40;48;5;61m▄[38;5;10;48;5;96m▄[38;5;40;48;5;60m▄[38;5;60;48;5;240m▄[38;5;60;48;5;60m▄[38;5;239;48;5;97m▄[38;5;238;48;5;61m▄[38;5;60;48;5;60m▄[38;5;239;48;5;60m▄[38;5;60;48;5;239m▄[38;5;61;48;5;60m▄[m
[38;5;61;48;5;60m▄[48;5;60m [38;5;60;48;5;61m▄[38;5;245;48;5;242m▄[38;5;139;48;5;139m▄[48;5;139m [38;5;249;48;5;243m▄[38;5;10;48;5;10m▄[38;5;10;48;5;2m▄[38;5;40;48;5;241m▄[38;5;71;48;5;60m▄[38;5;239;48;5;60m▄[38;5;238;48;5;138m▄[38;5;238;48;5;236m▄[38;5;61;48;5;61m▄[48;5;60m            [38;5;60;48;5;60m▄[38;5;236;48;5;61m▄[38;5;168;48;5;95m▄[38;5;181;48;5;175m▄[38;5;243;48;5;235m▄[38;5;60;48;5;60m▄[38;5;28;48;5;60m▄[38;5;10;48;5;60m▄[38;5;10;48;5;40m▄[38;5;10;48;5;10m▄▄▄[48;5;10m  [38;5;10;48;5;10m▄[38;5;40;48;5;65m▄[38;5;239;48;5;60m▄▄[48;5;60m  [38;5;60;48;5;60m▄[38;5;60;48;5;239m▄[38;5;60;48;5;60m▄[m
[38;5;60;48;5;60m▄[38;5;61;48;5;61m▄[38;5;60;48;5;60m▄[38;5;139;48;5;249m▄[48;5;139m  [38;5;139;48;5;139m▄[38;5;108;48;5;40m▄[48;5;10m [38;5;10;48;5;10m▄▄[38;5;10;48;5;34m▄[38;5;10;48;5;243m▄[38;5;235;48;5;238m▄[38;5;60;48;5;97m▄[38;5;61;48;5;61m▄[48;5;60m        [38;5;61;48;5;60m▄▄▄[38;5;239;48;5;60m▄[38;5;168;48;5;174m▄[38;5;139;48;5;174m▄[38;5;60;48;5;7m▄[38;5;145;48;5;60m▄[38;5;139;48;5;249m▄[38;5;71;48;5;40m▄[38;5;10;48;5;10m▄[48;5;10m      [38;5;10;48;5;10m▄[38;5;247;48;5;40m▄[38;5;139;48;5;60m▄[38;5;243;48;5;236m▄[38;5;60;48;5;60m▄[48;5;60m [38;5;60;48;5;60m▄[38;5;97;48;5;60m▄[38;5;61;48;5;97m▄[m
[38;5;60;48;5;61m▄[38;5;239;48;5;96m▄[38;5;236;48;5;238m▄[38;5;96;48;5;139m▄[38;5;145;48;5;139m▄▄[38;5;139;48;5;139m▄[38;5;139;48;5;248m▄[38;5;245;48;5;10m▄[38;5;40;48;5;10m▄[38;5;10;48;5;10m▄▄[38;5;34;48;5;10m▄[38;5;61;48;5;237m▄[38;5;60;48;5;60m▄▄[48;5;60m        [38;5;60;48;5;60m▄[38;5;96;48;5;60m▄[38;5;132;48;5;240m▄[38;5;174;48;5;168m▄[38;5;139;48;5;139m▄[38;5;139;48;5;242m▄[38;5;249;48;5;139m▄▄[38;5;181;48;5;139m▄[38;5;249;48;5;139m▄[38;5;250;48;5;22m▄[38;5;108;48;5;10m▄[38;5;65;48;5;10m▄[38;5;34;48;5;10m▄▄[38;5;71;48;5;10m▄[38;5;246;48;5;10m▄[38;5;249;48;5;246m▄[38;5;249;48;5;139m▄[38;5;246;48;5;139m▄[38;5;59;48;5;146m▄[38;5;237;48;5;60m▄[38;5;60;48;5;96m▄[38;5;60;48;5;236m▄[38;5;60;48;5;96m▄[38;5;61;48;5;97m▄[m
[38;5;60;48;5;61m▄[38;5;61;48;5;60m▄[38;5;239;48;5;239m▄[38;5;168;48;5;168m▄[38;5;89;48;5;174m▄[38;5;168;48;5;174m▄[38;5;174;48;5;174m▄▄[38;5;168;48;5;174m▄[38;5;174;48;5;131m▄[38;5;168;48;5;131m▄▄[38;5;239;48;5;96m▄[38;5;60;48;5;60m▄[48;5;60m        [38;5;60;48;5;60m▄▄[38;5;236;48;5;60m▄[38;5;174;48;5;95m▄[38;5;175;48;5;174m▄[38;5;175;48;5;175m▄▄[38;5;175;48;5;174m▄[38;5;175;48;5;168m▄[38;5;238;48;5;168m▄[38;5;175;48;5;168m▄[38;5;175;48;5;132m▄[38;5;174;48;5;174m▄[38;5;174;48;5;175m▄[38;5;174;48;5;211m▄[38;5;132;48;5;175m▄[38;5;168;48;5;211m▄[38;5;168;48;5;175m▄[38;5;174;48;5;174m▄[38;5;89;48;5;168m▄[38;5;168;48;5;168m▄[38;5;174;48;5;168m▄[38;5;132;48;5;168m▄[38;5;60;48;5;60m▄[38;5;60;48;5;239m▄[38;5;60;48;5;61m▄▄[48;5;60m [m
[48;5;60m [38;5;60;48;5;60m▄[38;5;238;48;5;236m▄[38;5;131;48;5;174m▄[38;5;168;48;5;174m▄[38;5;174;48;5;174m▄[38;5;168;48;5;168m▄[38;5;174;48;5;174m▄▄[38;5;168;48;5;174m▄[38;5;174;48;5;174m▄[38;5;174;48;5;168m▄[38;5;97;48;5;96m▄[48;5;60m        [38;5;61;48;5;60m▄[38;5;246;48;5;61m▄[38;5;175;48;5;245m▄[38;5;175;48;5;175m▄[38;5;174;48;5;175m▄[38;5;175;48;5;175m▄[38;5;132;48;5;175m▄[38;5;174;48;5;175m▄[38;5;168;48;5;175m▄[38;5;174;48;5;174m▄▄[38;5;174;48;5;175m▄[38;5;132;48;5;174m▄[38;5;175;48;5;175m▄[38;5;174;48;5;174m▄▄[38;5;168;48;5;174m▄[38;5;175;48;5;168m▄[38;5;174;48;5;174m▄[38;5;132;48;5;174m▄[38;5;174;48;5;174m▄▄[38;5;174;48;5;168m▄[38;5;174;48;5;132m▄[38;5;60;48;5;60m▄[48;5;60m    [m
[48;5;60m  [38;5;60;48;5;61m▄[38;5;239;48;5;95m▄[38;5;174;48;5;174m▄[38;5;132;48;5;174m▄[38;5;174;48;5;175m▄[38;5;132;48;5;174m▄▄[38;5;174;48;5;168m▄[38;5;131;48;5;174m▄[38;5;174;48;5;174m▄[38;5;60;48;5;96m▄[48;5;60m      [38;5;60;48;5;60m▄[38;5;96;48;5;60m▄[38;5;168;48;5;246m▄[38;5;168;48;5;174m▄[38;5;174;48;5;175m▄[38;5;132;48;5;175m▄[38;5;174;48;5;132m▄[38;5;175;48;5;174m▄[38;5;174;48;5;175m▄[38;5;175;48;5;174m▄[38;5;174;48;5;175m▄[38;5;132;48;5;175m▄[38;5;174;48;5;174m▄[38;5;175;48;5;168m▄▄[38;5;175;48;5;131m▄[38;5;174;48;5;174m▄▄[38;5;131;48;5;131m▄[38;5;174;48;5;174m▄▄[38;5;175;48;5;168m▄[38;5;174;48;5;174m▄[38;5;168;48;5;168m▄[38;5;174;48;5;174m▄[38;5;132;48;5;168m▄[38;5;60;48;5;60m▄▄[48;5;60m   [m
[48;5;60m  [38;5;60;48;5;60m▄▄[38;5;238;48;5;95m▄[38;5;174;48;5;174m▄[38;5;174;48;5;168m▄▄[38;5;174;48;5;174m▄[38;5;174;48;5;168m▄[38;5;168;48;5;174m▄[38;5;96;48;5;138m▄[38;5;60;48;5;61m▄[48;5;60m    [38;5;60;48;5;60m▄[38;5;95;48;5;60m▄[38;5;174;48;5;95m▄[38;5;174;48;5;174m▄[38;5;168;48;5;132m▄[38;5;174;48;5;174m▄[38;5;132;48;5;175m▄[38;5;175;48;5;174m▄[38;5;175;48;5;175m▄[38;5;132;48;5;168m▄[38;5;174;48;5;174m▄[38;5;168;48;5;132m▄[38;5;175;48;5;174m▄[38;5;175;48;5;168m▄[38;5;175;48;5;175m▄[38;5;175;48;5;174m▄[38;5;174;48;5;174m▄[38;5;174;48;5;175m▄[38;5;174;48;5;174m▄[38;5;175;48;5;174m▄▄[38;5;174;48;5;175m▄[38;5;175;48;5;174m▄▄▄▄[38;5;174;48;5;168m▄[38;5;132;48;5;132m▄[38;5;60;48;5;60m▄[48;5;60m    [m
[38;5;60;48;5;60m▄[48;5;60m  [38;5;60;48;5;60m▄▄[38;5;139;48;5;132m▄[38;5;175;48;5;174m▄[38;5;132;48;5;174m▄[38;5;175;48;5;174m▄[38;5;175;48;5;131m▄[38;5;175;48;5;175m▄[38;5;61;48;5;60m▄[48;5;60m   [38;5;61;48;5;60m▄[38;5;96;48;5;60m▄[38;5;174;48;5;239m▄[38;5;168;48;5;168m▄▄[38;5;174;48;5;132m▄[38;5;168;48;5;174m▄[38;5;168;48;5;168m▄[38;5;168;48;5;174m▄▄[38;5;174;48;5;174m▄[38;5;175;48;5;175m▄▄▄▄▄[38;5;95;48;5;132m▄[38;5;174;48;5;175m▄[38;5;175;48;5;174m▄▄[38;5;175;48;5;175m▄[38;5;175;48;5;174m▄[38;5;175;48;5;175m▄▄[38;5;138;48;5;174m▄[38;5;175;48;5;174m▄[38;5;175;48;5;175m▄[38;5;132;48;5;175m▄[38;5;175;48;5;175m▄[38;5;138;48;5;138m▄[38;5;60;48;5;60m▄▄[48;5;60m   [m
[38;5;127;48;5;60m▄[38;5;60;48;5;60m▄[48;5;60m  [38;5;60;48;5;61m▄[38;5;60;48;5;237m▄[38;5;95;48;5;175m▄[38;5;175;48;5;175m▄▄▄[38;5;138;48;5;138m▄[38;5;60;48;5;61m▄[48;5;60m [38;5;60;48;5;61m▄[38;5;243;48;5;60m▄[38;5;175;48;5;245m▄[38;5;175;48;5;175m▄[38;5;175;48;5;132m▄[38;5;168;48;5;174m▄[38;5;174;48;5;168m▄[38;5;174;48;5;174m▄[38;5;174;48;5;168m▄[38;5;174;48;5;174m▄[38;5;174;48;5;168m▄[38;5;175;48;5;174m▄▄[38;5;175;48;5;175m▄[38;5;175;48;5;174m▄[38;5;175;48;5;175m▄▄▄[38;5;181;48;5;138m▄[38;5;132;48;5;131m▄[38;5;175;48;5;175m▄▄▄▄▄▄▄▄▄▄▄[38;5;139;48;5;139m▄[38;5;234;48;5;239m▄[38;5;60;48;5;61m▄[48;5;60m   [m
[38;5;165;48;5;165m▄[38;5;133;48;5;96m▄[38;5;61;48;5;60m▄[48;5;60m  [38;5;60;48;5;60m▄[38;5;237;48;5;240m▄[38;5;95;48;5;175m▄[38;5;175;48;5;175m▄▄[38;5;242;48;5;139m▄[48;5;60m [38;5;59;48;5;61m▄[38;5;175;48;5;247m▄[38;5;175;48;5;175m▄▄▄▄[38;5;175;48;5;174m▄[38;5;175;48;5;175m▄▄▄▄▄▄▄▄▄▄[38;5;181;48;5;181m▄[38;5;175;48;5;175m▄[38;5;181;48;5;175m▄[38;5;175;48;5;138m▄[38;5;181;48;5;175m▄▄▄▄▄▄[38;5;175;48;5;175m▄▄▄▄[38;5;242;48;5;181m▄[38;5;251;48;5;238m▄[38;5;235;48;5;235m▄[38;5;60;48;5;61m▄[48;5;60m  [38;5;61;48;5;60m▄[m
[38;5;242;48;5;128m▄[38;5;138;48;5;138m▄[38;5;239;48;5;60m▄[38;5;61;48;5;61m▄[48;5;60m  [38;5;60;48;5;60m▄[38;5;60;48;5;237m▄[38;5;232;48;5;181m▄[38;5;182;48;5;181m▄[38;5;60;48;5;60m▄[38;5;59;48;5;60m▄[38;5;175;48;5;139m▄[38;5;175;48;5;175m▄▄▄[38;5;181;48;5;175m▄▄[38;5;175;48;5;138m▄[38;5;174;48;5;175m▄[38;5;132;48;5;175m▄▄[38;5;138;48;5;181m▄[38;5;181;48;5;181m▄▄▄▄▄▄[48;5;181m [38;5;181;48;5;181m▄▄▄▄▄[38;5;181;48;5;175m▄[38;5;181;48;5;181m▄▄▄[38;5;175;48;5;175m▄▄[38;5;235;48;5;175m▄[38;5;96;48;5;236m▄[38;5;241;48;5;236m▄[38;5;7;48;5;251m▄[38;5;237;48;5;235m▄[38;5;61;48;5;61m▄[48;5;60m [38;5;60;48;5;61m▄[38;5;59;48;5;60m▄[m
[38;5;174;48;5;175m▄[38;5;174;48;5;138m▄[38;5;138;48;5;175m▄[38;5;96;48;5;240m▄[38;5;60;48;5;60m▄[48;5;60m  [38;5;61;48;5;60m▄[38;5;138;48;5;181m▄[38;5;242;48;5;241m▄[38;5;60;48;5;60m▄[38;5;175;48;5;175m▄▄▄▄▄[38;5;175;48;5;181m▄[38;5;95;48;5;181m▄[38;5;174;48;5;181m▄[38;5;138;48;5;175m▄[38;5;181;48;5;132m▄[38;5;181;48;5;175m▄▄[38;5;181;48;5;181m▄▄▄▄[38;5;249;48;5;181m▄[38;5;181;48;5;181m▄▄▄▄[48;5;181m [38;5;181;48;5;181m▄▄▄[38;5;175;48;5;181m▄[38;5;175;48;5;175m▄[38;5;95;48;5;175m▄[38;5;232;48;5;181m▄[38;5;241;48;5;235m▄[38;5;138;48;5;243m▄[38;5;138;48;5;138m▄[38;5;138;48;5;245m▄[38;5;242;48;5;238m▄[38;5;239;48;5;238m▄[38;5;60;48;5;60m▄[48;5;61m [38;5;59;48;5;60m▄[38;5;7;48;5;246m▄[m
[38;5;138;48;5;174m▄[48;5;174m [38;5;174;48;5;174m▄[38;5;174;48;5;139m▄[38;5;241;48;5;60m▄[38;5;60;48;5;60m▄[48;5;60m [38;5;60;48;5;61m▄[38;5;59;48;5;240m▄[38;5;96;48;5;96m▄[38;5;97;48;5;60m▄[38;5;175;48;5;95m▄[38;5;138;48;5;138m▄[38;5;96;48;5;175m▄[38;5;175;48;5;175m▄▄▄[38;5;175;48;5;181m▄[38;5;139;48;5;131m▄[38;5;131;48;5;167m▄[38;5;167;48;5;131m▄[38;5;167;48;5;167m▄[38;5;167;48;5;237m▄[38;5;167;48;5;138m▄[38;5;167;48;5;248m▄[38;5;236;48;5;139m▄[38;5;138;48;5;139m▄[38;5;247;48;5;139m▄[38;5;249;48;5;248m▄[38;5;181;48;5;181m▄▄▄▄[38;5;175;48;5;181m▄▄[38;5;181;48;5;175m▄[38;5;233;48;5;138m▄[38;5;233;48;5;59m▄[38;5;132;48;5;0m▄[38;5;138;48;5;95m▄[38;5;138;48;5;138m▄▄▄[38;5;59;48;5;95m▄[38;5;102;48;5;246m▄[38;5;246;48;5;60m▄[38;5;61;48;5;60m▄[38;5;103;48;5;60m▄[38;5;250;48;5;7m▄[48;5;250m [m
[38;5;174;48;5;174m▄▄▄▄[38;5;174;48;5;138m▄[38;5;242;48;5;60m▄[38;5;61;48;5;60m▄[38;5;60;48;5;60m▄[38;5;53;48;5;240m▄[38;5;240;48;5;242m▄[38;5;96;48;5;139m▄[38;5;175;48;5;175m▄▄[38;5;175;48;5;138m▄[38;5;175;48;5;139m▄[38;5;240;48;5;139m▄[38;5;138;48;5;175m▄[38;5;175;48;5;175m▄▄[38;5;248;48;5;138m▄[38;5;248;48;5;174m▄[38;5;175;48;5;168m▄[38;5;145;48;5;168m▄[38;5;249;48;5;138m▄[38;5;181;48;5;138m▄[38;5;249;48;5;181m▄[38;5;249;48;5;249m▄▄▄▄[38;5;249;48;5;181m▄[38;5;181;48;5;181m▄[38;5;138;48;5;175m▄[38;5;233;48;5;175m▄[38;5;232;48;5;238m▄[38;5;235;48;5;232m▄[38;5;138;48;5;237m▄[38;5;138;48;5;132m▄[38;5;138;48;5;138m▄[48;5;138m [38;5;138;48;5;138m▄▄[38;5;238;48;5;138m▄[38;5;232;48;5;232m▄[38;5;251;48;5;247m▄[38;5;7;48;5;245m▄[38;5;96;48;5;60m▄[38;5;139;48;5;59m▄[48;5;250m  [m
[38;5;175;48;5;174m▄[38;5;138;48;5;174m▄[38;5;139;48;5;139m▄▄[38;5;175;48;5;138m▄[38;5;139;48;5;181m▄[38;5;60;48;5;97m▄[38;5;97;48;5;60m▄[38;5;138;48;5;53m▄[38;5;138;48;5;241m▄[38;5;96;48;5;60m▄[38;5;132;48;5;175m▄[48;5;175m [38;5;175;48;5;175m▄▄[38;5;250;48;5;250m▄[38;5;250;48;5;241m▄[38;5;247;48;5;181m▄[38;5;95;48;5;175m▄[38;5;139;48;5;139m▄▄[38;5;248;48;5;248m▄[38;5;248;48;5;145m▄▄[38;5;145;48;5;145m▄[38;5;145;48;5;249m▄[38;5;249;48;5;249m▄▄▄[38;5;241;48;5;249m▄[38;5;232;48;5;181m▄[38;5;0;48;5;235m▄[38;5;232;48;5;0m▄[38;5;96;48;5;232m▄[38;5;132;48;5;139m▄[38;5;138;48;5;132m▄[38;5;138;48;5;138m▄[48;5;138m [38;5;138;48;5;138m▄▄▄[38;5;238;48;5;132m▄[38;5;0;48;5;233m▄[38;5;233;48;5;233m▄[38;5;250;48;5;182m▄[38;5;239;48;5;8m▄[38;5;249;48;5;139m▄[38;5;139;48;5;7m▄[38;5;250;48;5;7m▄[48;5;250m [m
[38;5;59;48;5;139m▄[38;5;174;48;5;174m▄[38;5;139;48;5;139m▄▄[38;5;139;48;5;175m▄[38;5;139;48;5;139m▄[38;5;181;48;5;96m▄[38;5;60;48;5;60m▄[38;5;139;48;5;139m▄▄[38;5;139;48;5;175m▄[38;5;175;48;5;139m▄[38;5;174;48;5;175m▄[38;5;175;48;5;175m▄▄[38;5;250;48;5;250m▄[48;5;250m  [38;5;250;48;5;251m▄[38;5;250;48;5;242m▄[38;5;240;48;5;139m▄[38;5;248;48;5;248m▄[48;5;248m [38;5;248;48;5;248m▄[38;5;139;48;5;248m▄[38;5;145;48;5;145m▄[38;5;232;48;5;181m▄[38;5;0;48;5;243m▄[38;5;0;48;5;232m▄[38;5;232;48;5;0m▄[38;5;238;48;5;0m▄[38;5;132;48;5;238m▄[38;5;132;48;5;132m▄[38;5;138;48;5;132m▄▄[48;5;138m  [38;5;138;48;5;138m▄[38;5;132;48;5;138m▄[38;5;240;48;5;138m▄[38;5;0;48;5;95m▄[38;5;0;48;5;0m▄[38;5;238;48;5;0m▄[38;5;242;48;5;243m▄[38;5;250;48;5;250m▄[38;5;250;48;5;96m▄[48;5;250m [38;5;250;48;5;249m▄[38;5;7;48;5;250m▄[48;5;250m [m
[38;5;134;48;5;96m▄[38;5;138;48;5;138m▄[38;5;139;48;5;139m▄▄[38;5;248;48;5;139m▄[38;5;248;48;5;248m▄▄[38;5;139;48;5;238m▄[38;5;145;48;5;139m▄[38;5;248;48;5;139m▄▄▄[38;5;248;48;5;175m▄[38;5;139;48;5;174m▄[38;5;175;48;5;175m▄[38;5;250;48;5;250m▄[48;5;250m    [38;5;250;48;5;249m▄[38;5;250;48;5;247m▄[38;5;246;48;5;237m▄[38;5;250;48;5;102m▄[38;5;248;48;5;246m▄[38;5;234;48;5;232m▄[38;5;239;48;5;0m▄[38;5;59;48;5;0m▄[38;5;138;48;5;232m▄[38;5;138;48;5;96m▄[38;5;138;48;5;138m▄▄[38;5;132;48;5;132m▄[38;5;138;48;5;138m▄▄[38;5;139;48;5;138m▄[38;5;240;48;5;138m▄[38;5;232;48;5;138m▄[38;5;0;48;5;239m▄[38;5;0;48;5;0m▄[38;5;235;48;5;0m▄[38;5;243;48;5;233m▄[38;5;139;48;5;240m▄[38;5;250;48;5;7m▄[48;5;250m   [38;5;250;48;5;250m▄[38;5;251;48;5;242m▄[38;5;7;48;5;250m▄[m
[38;5;165;48;5;164m▄[38;5;133;48;5;139m▄[38;5;175;48;5;175m▄[38;5;175;48;5;139m▄[38;5;248;48;5;248m▄▄[38;5;181;48;5;181m▄▄[38;5;248;48;5;181m▄[38;5;248;48;5;248m▄[38;5;145;48;5;181m▄▄[38;5;145;48;5;248m▄[38;5;181;48;5;248m▄[38;5;139;48;5;145m▄[38;5;145;48;5;250m▄[48;5;250m     [38;5;249;48;5;250m▄[38;5;247;48;5;251m▄[38;5;250;48;5;250m▄[38;5;250;48;5;249m▄[38;5;236;48;5;234m▄[38;5;0;48;5;236m▄[38;5;0;48;5;96m▄▄[38;5;232;48;5;138m▄[38;5;233;48;5;138m▄▄[38;5;232;48;5;138m▄[38;5;232;48;5;132m▄[38;5;0;48;5;243m▄[38;5;0;48;5;232m▄[38;5;0;48;5;0m▄[38;5;232;48;5;0m▄[38;5;145;48;5;0m▄[38;5;247;48;5;237m▄[38;5;250;48;5;8m▄[38;5;250;48;5;251m▄[38;5;250;48;5;250m▄[48;5;250m     [38;5;250;48;5;250m▄[38;5;251;48;5;246m▄[m
[48;5;165m [38;5;165;48;5;165m▄[38;5;164;48;5;133m▄[38;5;138;48;5;175m▄[38;5;139;48;5;139m▄[38;5;175;48;5;248m▄[38;5;248;48;5;248m▄[38;5;145;48;5;145m▄[38;5;145;48;5;248m▄[38;5;181;48;5;145m▄▄▄[38;5;145;48;5;145m▄[38;5;145;48;5;181m▄[38;5;139;48;5;139m▄▄[48;5;250m     [38;5;251;48;5;250m▄[38;5;7;48;5;249m▄[48;5;250m [38;5;250;48;5;250m▄▄[38;5;246;48;5;138m▄[38;5;138;48;5;240m▄[38;5;181;48;5;232m▄[38;5;249;48;5;0m▄[38;5;242;48;5;0m▄[38;5;240;48;5;0m▄[38;5;59;48;5;0m▄[38;5;8;48;5;0m▄[38;5;181;48;5;0m▄[38;5;181;48;5;235m▄[38;5;181;48;5;102m▄[38;5;248;48;5;181m▄[38;5;59;48;5;7m▄[38;5;250;48;5;246m▄[48;5;250m        [38;5;250;48;5;250m▄[38;5;7;48;5;8m▄[m
[48;5;165m  [38;5;165;48;5;165m▄[38;5;165;48;5;134m▄[38;5;96;48;5;174m▄[38;5;138;48;5;175m▄[38;5;175;48;5;139m▄[38;5;139;48;5;248m▄[38;5;248;48;5;181m▄[38;5;139;48;5;145m▄[38;5;181;48;5;181m▄[48;5;181m [38;5;145;48;5;145m▄[38;5;249;48;5;249m▄[38;5;249;48;5;250m▄[38;5;7;48;5;7m▄[48;5;250m    [38;5;250;48;5;7m▄[38;5;242;48;5;239m▄[48;5;250m   [38;5;250;48;5;250m▄▄[38;5;250;48;5;247m▄[38;5;247;48;5;248m▄[38;5;246;48;5;249m▄[48;5;249m  [38;5;249;48;5;249m▄[38;5;249;48;5;181m▄▄[38;5;249;48;5;249m▄[38;5;243;48;5;249m▄[38;5;7;48;5;239m▄[38;5;251;48;5;250m▄[38;5;246;48;5;250m▄[38;5;239;48;5;250m▄[38;5;238;48;5;250m▄[38;5;247;48;5;250m▄[38;5;7;48;5;250m▄[38;5;250;48;5;250m▄[48;5;250m     [m
[48;5;165m   [38;5;165;48;5;165m▄▄[38;5;207;48;5;132m▄[38;5;175;48;5;174m▄[38;5;174;48;5;139m▄[38;5;174;48;5;175m▄[38;5;139;48;5;248m▄[38;5;248;48;5;181m▄[38;5;182;48;5;181m▄[38;5;181;48;5;248m▄[38;5;248;48;5;248m▄[38;5;181;48;5;249m▄[38;5;249;48;5;250m▄[48;5;250m    [38;5;139;48;5;7m▄[38;5;250;48;5;252m▄[48;5;250m [38;5;249;48;5;250m▄[38;5;241;48;5;249m▄[38;5;250;48;5;237m▄[38;5;234;48;5;238m▄[38;5;0;48;5;242m▄[38;5;242;48;5;7m▄[38;5;59;48;5;248m▄[38;5;181;48;5;249m▄[48;5;249m [38;5;249;48;5;249m▄▄[38;5;247;48;5;145m▄[38;5;7;48;5;243m▄[38;5;240;48;5;246m▄[38;5;232;48;5;232m▄[38;5;237;48;5;0m▄[38;5;250;48;5;246m▄[38;5;250;48;5;250m▄▄[38;5;250;48;5;7m▄[38;5;250;48;5;8m▄[38;5;7;48;5;243m▄[38;5;239;48;5;250m▄[38;5;249;48;5;250m▄[38;5;7;48;5;250m▄[38;5;250;48;5;250m▄[48;5;250m [m
[48;5;165m     [38;5;165;48;5;165m▄[38;5;165;48;5;91m▄[38;5;237;48;5;174m▄[38;5;174;48;5;174m▄▄[38;5;174;48;5;138m▄[38;5;174;48;5;248m▄[38;5;139;48;5;181m▄[38;5;138;48;5;248m▄[38;5;238;48;5;242m▄[38;5;250;48;5;250m▄[48;5;250m    [38;5;250;48;5;139m▄[38;5;250;48;5;250m▄[38;5;96;48;5;250m▄[38;5;7;48;5;243m▄[38;5;250;48;5;250m▄▄[38;5;7;48;5;7m▄[38;5;242;48;5;0m▄[38;5;0;48;5;232m▄[38;5;247;48;5;249m▄[38;5;245;48;5;249m▄[38;5;145;48;5;249m▄[38;5;252;48;5;249m▄[38;5;249;48;5;251m▄[38;5;250;48;5;7m▄[38;5;238;48;5;250m▄[38;5;232;48;5;232m▄[38;5;7;48;5;236m▄[38;5;250;48;5;250m▄[48;5;250m       [38;5;7;48;5;249m▄[38;5;240;48;5;8m▄[38;5;246;48;5;249m▄[38;5;8;48;5;250m▄[m
[38;5;165;48;5;165m▄[38;5;134;48;5;128m▄[38;5;219;48;5;170m▄[38;5;140;48;5;134m▄[38;5;182;48;5;134m▄[38;5;165;48;5;165m▄[38;5;235;48;5;240m▄[38;5;234;48;5;234m▄[38;5;235;48;5;234m▄[38;5;168;48;5;174m▄[38;5;132;48;5;138m▄[38;5;60;48;5;245m▄[38;5;24;48;5;102m▄[38;5;60;48;5;103m▄[38;5;24;48;5;67m▄[38;5;24;48;5;103m▄▄▄▄▄[38;5;24;48;5;60m▄[38;5;24;48;5;239m▄[38;5;24;48;5;103m▄▄▄▄▄▄[38;5;24;48;5;235m▄[38;5;24;48;5;60m▄[38;5;24;48;5;240m▄[38;5;247;48;5;138m▄[48;5;15m  [38;5;252;48;5;243m▄[38;5;247;48;5;236m▄[38;5;247;48;5;243m▄[38;5;247;48;5;249m▄▄▄▄▄▄▄▄[38;5;7;48;5;250m▄[38;5;241;48;5;59m▄[38;5;234;48;5;234m▄▄[38;5;246;48;5;249m▄[m
[38;5;165;48;5;165m▄▄▄▄▄▄[38;5;128;48;5;128m▄[38;5;90;48;5;134m▄[38;5;170;48;5;127m▄[38;5;165;48;5;171m▄[38;5;207;48;5;175m▄[38;5;174;48;5;168m▄[38;5;174;48;5;174m▄▄[38;5;251;48;5;252m▄[38;5;250;48;5;250m▄[48;5;250m [38;5;250;48;5;250m▄▄[38;5;7;48;5;251m▄[38;5;250;48;5;139m▄[48;5;250m [38;5;250;48;5;250m▄[38;5;145;48;5;250m▄[38;5;7;48;5;250m▄[48;5;250m   [38;5;250;48;5;250m▄[38;5;239;48;5;238m▄[38;5;0;48;5;0m▄[38;5;0;48;5;232m▄[38;5;0;48;5;243m▄[38;5;0;48;5;242m▄[38;5;0;48;5;232m▄[38;5;241;48;5;248m▄[48;5;250m     [38;5;250;48;5;250m▄▄[38;5;249;48;5;250m▄[38;5;253;48;5;250m▄[38;5;7;48;5;250m▄[38;5;249;48;5;247m▄[38;5;243;48;5;249m▄[38;5;245;48;5;246m▄[38;5;7;48;5;250m▄[m
[48;5;165m [38;5;165;48;5;165m▄[38;5;213;48;5;134m▄[38;5;170;48;5;170m▄[38;5;170;48;5;133m▄[38;5;165;48;5;165m▄[38;5;236;48;5;239m▄[38;5;236;48;5;236m▄[38;5;234;48;5;234m▄[38;5;165;48;5;165m▄▄[38;5;171;48;5;170m▄[38;5;176;48;5;138m▄[38;5;138;48;5;139m▄[38;5;7;48;5;7m▄▄[38;5;250;48;5;250m▄[38;5;250;48;5;249m▄[38;5;250;48;5;250m▄▄▄[38;5;249;48;5;250m▄[38;5;249;48;5;7m▄[38;5;249;48;5;250m▄▄[38;5;145;48;5;250m▄[38;5;249;48;5;249m▄[38;5;139;48;5;250m▄[38;5;249;48;5;249m▄[38;5;246;48;5;145m▄[38;5;245;48;5;233m▄▄[38;5;8;48;5;234m▄[38;5;243;48;5;233m▄[38;5;139;48;5;233m▄[38;5;139;48;5;249m▄[38;5;139;48;5;146m▄▄▄▄▄▄[38;5;245;48;5;139m▄[38;5;15;48;5;15m▄[48;5;15m [38;5;15;48;5;253m▄[38;5;242;48;5;242m▄[38;5;235;48;5;236m▄[38;5;234;48;5;234m▄[38;5;248;48;5;250m▄[m
[38;5;91;48;5;165m▄▄▄▄▄▄[38;5;91;48;5;128m▄[38;5;91;48;5;90m▄[38;5;91;48;5;127m▄[38;5;91;48;5;165m▄▄▄▄[38;5;53;48;5;133m▄[38;5;243;48;5;250m▄▄[38;5;8;48;5;250m▄[38;5;247;48;5;250m▄[38;5;242;48;5;250m▄[38;5;243;48;5;250m▄▄▄▄▄▄▄▄▄[38;5;243;48;5;7m▄[38;5;235;48;5;237m▄[38;5;235;48;5;0m▄[38;5;240;48;5;243m▄[38;5;235;48;5;0m▄[38;5;234;48;5;59m▄[38;5;243;48;5;250m▄[38;5;8;48;5;250m▄[38;5;243;48;5;250m▄▄▄▄▄▄▄[38;5;243;48;5;252m▄[38;5;243;48;5;253m▄[38;5;243;48;5;7m▄[38;5;243;48;5;246m▄[38;5;243;48;5;243m▄[38;5;243;48;5;242m▄[38;5;243;48;5;250m▄[m
[38;5;91;48;5;91m▄[38;5;182;48;5;91m▄[38;5;91;48;5;182m▄[38;5;91;48;5;91m▄▄▄[48;5;91m  [38;5;91;48;5;91m▄▄[38;5;254;48;5;91m▄[38;5;134;48;5;255m▄[38;5;91;48;5;91m▄▄[38;5;8;48;5;8m▄[38;5;249;48;5;239m▄[38;5;246;48;5;245m▄[38;5;242;48;5;237m▄[38;5;247;48;5;246m▄[38;5;145;48;5;247m▄[48;5;243m  [38;5;243;48;5;8m▄[38;5;60;48;5;60m▄▄▄[38;5;96;48;5;96m▄[38;5;243;48;5;243m▄[38;5;8;48;5;243m▄[38;5;235;48;5;235m▄[48;5;235m  [38;5;235;48;5;235m▄▄[38;5;235;48;5;237m▄[38;5;243;48;5;243m▄▄[48;5;243m [38;5;15;48;5;255m▄[38;5;248;48;5;15m▄[38;5;15;48;5;252m▄[38;5;243;48;5;243m▄[48;5;243m [38;5;243;48;5;243m▄▄[38;5;242;48;5;243m▄▄[38;5;243;48;5;243m▄[48;5;243m [38;5;243;48;5;243m▄[m
[48;5;91m [38;5;91;48;5;91m▄▄[38;5;170;48;5;176m▄[38;5;91;48;5;91m▄▄[48;5;91m  [38;5;183;48;5;91m▄[38;5;134;48;5;176m▄[38;5;91;48;5;91m▄▄[48;5;91m [38;5;91;48;5;91m▄[38;5;8;48;5;243m▄[38;5;240;48;5;251m▄[38;5;8;48;5;102m▄[38;5;250;48;5;249m▄[38;5;251;48;5;250m▄[38;5;245;48;5;248m▄[38;5;243;48;5;243m▄[48;5;243m [38;5;8;48;5;243m▄[38;5;60;48;5;60m▄▄▄[38;5;96;48;5;96m▄[38;5;243;48;5;243m▄[38;5;234;48;5;236m▄[48;5;235m [38;5;235;48;5;237m▄[38;5;236;48;5;242m▄[38;5;246;48;5;235m▄[38;5;239;48;5;240m▄[38;5;242;48;5;235m▄[38;5;235;48;5;235m▄[38;5;240;48;5;242m▄[38;5;8;48;5;243m▄[38;5;242;48;5;254m▄[38;5;7;48;5;254m▄[38;5;252;48;5;255m▄[38;5;243;48;5;242m▄[38;5;243;48;5;243m▄▄▄[38;5;243;48;5;241m▄[38;5;242;48;5;243m▄[38;5;243;48;5;8m▄[38;5;243;48;5;243m▄▄[m
[48;5;91m             [38;5;91;48;5;91m▄[38;5;8;48;5;243m▄[38;5;243;48;5;243m▄[38;5;243;48;5;8m▄[38;5;243;48;5;243m▄[38;5;243;48;5;8m▄[48;5;243m    [38;5;243;48;5;243m▄▄▄▄▄[38;5;236;48;5;236m▄[38;5;241;48;5;59m▄[38;5;235;48;5;235m▄[48;5;235m  [38;5;239;48;5;237m▄[38;5;243;48;5;8m▄[38;5;237;48;5;237m▄[38;5;235;48;5;238m▄[38;5;243;48;5;243m▄▄▄▄[48;5;243m         [m
[48;5;91m             [38;5;91;48;5;91m▄[38;5;53;48;5;102m▄[38;5;243;48;5;243m▄[38;5;252;48;5;243m▄▄[38;5;188;48;5;243m▄▄▄▄▄▄▄[38;5;252;48;5;241m▄[38;5;188;48;5;8m▄[38;5;253;48;5;243m▄[38;5;254;48;5;236m▄[38;5;254;48;5;59m▄[38;5;254;48;5;241m▄[38;5;254;48;5;235m▄[38;5;255;48;5;235m▄[38;5;255;48;5;239m▄[38;5;243;48;5;243m▄[38;5;239;48;5;236m▄[38;5;235;48;5;235m▄[38;5;8;48;5;243m▄[48;5;243m            [m
[49;38;5;91m▀▀▀▀▀▀▀▀▀▀▀▀▀▀▀[49;38;5;243m▀▀▀▀▀▀▀▀▀▀▀▀▀[49;38;5;235m▀[49;38;5;240m▀[49;38;5;243m▀[49;38;5;235m▀▀▀[49;38;5;243m▀[49;38;5;102m▀[49;38;5;235m▀[49;38;5;242m▀[49;38;5;243m▀▀▀▀▀▀▀▀▀▀▀▀[m
